# oST version 5.0 parameters


[image]

width
1280

height
720

[robostylus_camera]

camera matrix
1404.297091 0.000000 646.040857
0.000000 1408.082388 398.450824
0.000000 0.000000 1.000000

distortion
0.054313 -0.055916 0.005025 -0.000873 0.000000

rectification
1.000000 0.000000 0.000000
0.000000 1.000000 0.000000
0.000000 0.000000 1.000000

projection
1420.647705 0.000000 644.678868 0.000000
0.000000 1420.978516 400.566162 0.000000
0.000000 0.000000 1.000000 0.000000

